image_width: 1920
image_height: 1080
camera_name: camera
camera_matrix:
  rows: 3
  cols: 3
  data: [2930.024078, 0.000000, 942.041649, 0.000000, 2931.185089, 532.229844, 0.000000, 0.000000, 1.000000]
distortion_model: plumb_bob
distortion_coefficients:
  rows: 1
  cols: 5
  data: [-0.025068, 0.694806, -0.000417, -0.002207, 0.000000]
rectification_matrix:
  rows: 3
  cols: 3
  data: [1.000000, 0.000000, 0.000000, 0.000000, 1.000000, 0.000000, 0.000000, 0.000000, 1.000000]
projection_matrix:
  rows: 3
  cols: 4
  data: [2958.806641, 0.000000, 940.473867, 0.000000, 0.000000, 2962.139648, 532.068433, 0.000000, 0.000000, 0.000000, 1.000000, 0.000000]
