# oST version 5.0 parameters


[image]

width
1920

height
1080

[narrow_stereo]

camera matrix
2930.024078 0.000000 942.041649
0.000000 2931.185089 532.229844
0.000000 0.000000 1.000000

distortion
-0.025068 0.694806 -0.000417 -0.002207 0.000000

rectification
1.000000 0.000000 0.000000
0.000000 1.000000 0.000000
0.000000 0.000000 1.000000

projection
2958.806641 0.000000 940.473867 0.000000
0.000000 2962.139648 532.068433 0.000000
0.000000 0.000000 1.000000 0.000000

